date,stream,meter,llss.afdm (g/m2)
2010-07-01,WS06,5,16.8
2010-07-01,WS06,17,87.5
2010-07-01,WS06,28,451.1
2010-07-01,WS06,34,71.6
2010-07-01,WS06,47,9.6
2010-07-01,WS06,56,2.5
2010-07-01,WS06,62,9.2
2010-07-01,WS06,72,287.5
2010-09-01,WS06,5,11.8
2010-09-01,WS06,17,22.8
2010-09-01,WS06,29,190.5
2010-09-01,WS06,36,69.7
2010-09-01,WS06,46,43.8
2010-09-01,WS06,55,14.0
2010-09-01,WS06,63,8.7
2010-10-01,WS06,8,30.6
2010-10-01,WS06,17,115.0
2010-10-01,WS06,27,121.3
2010-10-01,WS06,39,120.8
2010-10-01,WS06,49,75.6
2010-10-01,WS06,58,39.6
2010-10-01,WS06,66,27.4
2010-11-01,WS06,2,538.9
2010-11-01,WS06,18,432.8
2010-11-01,WS06,26,844.0
2010-11-01,WS06,38,384.8
2010-11-01,WS06,43,283.3
2010-11-01,WS06,57,678.7
2010-11-01,WS06,63,437.8
2010-12-01,WS06,3,642.4
2010-12-01,WS06,14,262.8
2010-12-01,WS06,26,
2010-12-01,WS06,37,477.6
2010-12-01,WS06,45,21.6
2010-12-01,WS06,56,1170.4
2010-12-01,WS06,66,378.1
2011-01-01,WS06,3,464.8
2011-01-01,WS06,15,475.2
2011-01-01,WS06,29,134.7
2011-01-01,WS06,37,55.9
2011-01-01,WS06,47,748.7
2011-01-01,WS06,57,243.9
2011-01-01,WS06,63,266.6
2011-02-01,WS06,8,213.4
2011-02-01,WS06,13,106.7
2011-02-01,WS06,24,114.9
2011-02-01,WS06,35,418.2
2011-02-01,WS06,43,174.9
2011-02-01,WS06,57,626.0
2011-02-01,WS06,68,272.9
2011-03-01,WS06,4,241.1
2011-03-01,WS06,18,503.6
2011-03-01,WS06,26,640.2
2011-03-01,WS06,32,190.4
2011-03-01,WS06,48,455.1
2011-03-01,WS06,58,318.0
2011-03-01,WS06,69,231.9
2011-04-01,WS06,5,399.5
2011-04-01,WS06,18,255.0
2011-04-01,WS06,22,124.4
2011-04-01,WS06,34,200.2
2011-04-01,WS06,47,229.7
2011-04-01,WS06,57,210.3
2011-04-01,WS06,64,394.0
2011-05-01,WS06,3,52.6
2011-05-01,WS06,16,447.7
2011-05-01,WS06,25,287.1
2011-05-01,WS06,36,224.5
2011-05-01,WS06,49,208.2
2011-05-01,WS06,56,37.7
2011-05-01,WS06,62,100.3
2011-06-01,WS06,7,92.3
2011-06-01,WS06,12,154.9
2011-06-01,WS06,23,426.6
2011-06-01,WS06,38,1091.9
2011-06-01,WS06,47,773.7
2011-06-01,WS06,57,64.2
2011-06-01,WS06,63,678.8
2011-07-01,WS06,5,123.8
2011-07-01,WS06,14,112.1
2011-07-01,WS06,23,25.0
2011-07-01,WS06,45,11.4
2011-07-01,WS06,53,317.8
2011-07-01,WS06,65,48.9
2011-08-01,WS06,7,4.1
2011-08-01,WS06,15,1.6
2011-08-01,WS06,28,7.4
2011-08-01,WS06,39,18.5
2011-08-01,WS06,43,10.3
2011-08-01,WS06,58,362.1
2011-08-01,WS06,67,15.9
2011-09-01,WS06,5,46.0
2011-09-01,WS06,16,55.9
2011-09-01,WS06,24,58.9
2011-09-01,WS06,34,25.1
2011-09-01,WS06,45,38.5
2011-09-01,WS06,58,13.6
2011-09-01,WS06,63,53.7
2011-10-01,WS06,6,147.0
2011-10-01,WS06,19,296.3
2011-10-01,WS06,24,208.1
2011-10-01,WS06,37,135.9
2011-10-01,WS06,46,123.0
2011-10-01,WS06,59,170.0
2011-10-01,WS06,63,127.7
2011-10-01,WS06,73,18.8
2011-11-01,WS06,7,344.7
2011-11-01,WS06,19,410.1
2011-11-01,WS06,26,309.5
2011-11-01,WS06,33,714.3
2011-11-01,WS06,46,444.0
2011-11-01,WS06,59,1071.9
2011-11-01,WS06,69,610.8
2011-12-01,WS06,4,439.2
2011-12-01,WS06,15,380.9
2011-12-01,WS06,28,164.4
2011-12-01,WS06,38,258.0
2011-12-01,WS06,49,532.1
2011-12-01,WS06,58,353.0
2011-12-01,WS06,65,546.0
2012-01-01,WS06,8,190.0
2012-01-01,WS06,17,93.2
2012-01-01,WS06,26,134.5
2012-01-01,WS06,38,599.8
2012-01-01,WS06,49,63.2
2012-01-01,WS06,55,139.3
2012-01-01,WS06,66,138.1
2012-02-01,WS06,8,106.3
2012-02-01,WS06,17,158.6
2012-02-01,WS06,27,48.7
2012-02-01,WS06,39,313.4
2012-02-01,WS06,43,227.7
2012-02-01,WS06,54,95.8
2012-02-01,WS06,62,291.7
2012-03-01,WS06,3,49.2
2012-03-01,WS06,17,33.3
2012-03-01,WS06,24,92.1
2012-03-01,WS06,37,49.5
2012-03-01,WS06,46,31.9
2012-03-01,WS06,55,41.7
2012-03-01,WS06,69,127.4
2012-04-01,WS06,6,75.3
2012-04-01,WS06,14,53.7
2012-04-01,WS06,24,56.7
2012-04-01,WS06,34,9.6
2012-04-01,WS06,43,30.7
2012-04-01,WS06,59,3.1
2012-04-01,WS06,64,310.4
2012-05-01,WS06,9,12.4
2012-05-01,WS06,13,2.2
2012-05-01,WS06,24,39.7
2012-05-01,WS06,34,9.9
2012-05-01,WS06,44,13.5
2012-05-01,WS06,53,56.1
2012-05-01,WS06,66,8.7
2012-05-01,WS06,73,37.0
2012-06-01,WS06,7,92.8
2012-06-01,WS06,18,60.5
2012-06-01,WS06,22,18.2
2012-06-01,WS06,38,13.9
2012-06-01,WS06,45,104.6
2012-06-01,WS06,55,7.5
2012-06-01,WS06,69,8.4
2012-07-01,WS06,9,3.6
2012-07-01,WS06,15,22.2
2012-07-01,WS06,24,9.2
2012-07-01,WS06,37,68.5
2012-07-01,WS06,47,14.5
2012-07-01,WS06,57,6.5
2012-07-01,WS06,62,17.5
2012-08-01,WS06,8,3.1
2012-08-01,WS06,18,21.8
2012-08-01,WS06,27,3.6
2012-08-01,WS06,33,9.2
2012-08-01,WS06,49,68.1
2012-08-01,WS06,57,5.2
2012-08-01,WS06,66,8.0
2012-09-01,WS06,5,35.0
2012-09-01,WS06,13,151.1
2012-09-01,WS06,29,25.8
2012-09-01,WS06,32,53.7
2012-09-01,WS06,47,41.8
2012-09-01,WS06,53,60.5
2012-09-01,WS06,66,18.2
2012-10-01,WS06,7,533.1
2012-10-01,WS06,16,536.5
2012-10-01,WS06,28,738.2
2012-10-01,WS06,36,379.2
2012-10-01,WS06,42,2.3
2012-10-01,WS06,57,475.3
2012-10-01,WS06,67,545.1
2012-11-01,WS06,12,384.1
2012-11-01,WS06,31,461.6
2012-11-01,WS06,42,393.6
2012-11-01,WS06,55,255.0
2012-11-01,WS06,64,498.7
2012-11-01,WS06,72,1044.3
2012-12-01,WS06,7,175.4
2012-12-01,WS06,11,213.2
2012-12-01,WS06,25,115.2
2012-12-01,WS06,36,475.5
2012-12-01,WS06,43,1359.1
2012-12-01,WS06,56,321.4
2012-12-01,WS06,68,356.3
2012-12-01,WS06,75,307.8
2013-01-01,WS06,8,147.1
2013-01-01,WS06,11,72.9
2013-01-01,WS06,27,189.3
2013-01-01,WS06,31,296.4
2013-01-01,WS06,44,48.8
2013-01-01,WS06,54,65.7
2013-01-01,WS06,69,78.7
2013-01-01,WS06,72,299.7
2013-02-01,WS06,4,56.6
2013-02-01,WS06,17,82.9
2013-02-01,WS06,22,181.1
2013-02-01,WS06,33,31.7
2013-02-01,WS06,43,35.0
2013-02-01,WS06,58,22.3
2013-02-01,WS06,64,99.8
2013-02-01,WS06,75,19.7
2013-03-01,WS06,1,154.2
2013-03-01,WS06,15,24.7
2013-03-01,WS06,22,28.9
2013-03-01,WS06,34,60.5
2013-03-01,WS06,43,3.5
2013-03-01,WS06,51,18.3
2013-03-01,WS06,63,38.7
2013-03-01,WS06,74,8.3
2013-04-01,WS06,9,32.0
2013-04-01,WS06,13,4.4
2013-04-01,WS06,26,91.6
2013-04-01,WS06,36,24.5
2013-04-01,WS06,48,31.3
2013-04-01,WS06,53,24.1
2013-04-01,WS06,65,36.2
2013-05-01,WS06,18,33.5
2013-05-01,WS06,43,15.5
2013-05-01,WS06,55,11.9
2013-05-01,WS06,64,10.3
2013-06-01,WS06,13,42.7
2013-06-01,WS06,35,90.4
2013-06-01,WS06,45,35.2
2013-06-01,WS06,65,12.5
2013-07-01,WS06,12,11.0
2013-07-01,WS06,37,6.2
2013-07-01,WS06,49,6.0
2013-07-01,WS06,63,10.4
2010-07-01,WS07,2,228.1
2010-07-01,WS07,14,14.9
2010-07-01,WS07,25,76.3
2010-07-01,WS07,34,44.0
2010-07-01,WS07,47,885.0
2010-07-01,WS07,58,6.9
2010-07-01,WS07,67,78.4
2010-07-01,WS07,74,30.7
2010-09-01,WS07,2,19.9
2010-09-01,WS07,5,117.2
2010-09-01,WS07,13,15.7
2010-09-01,WS07,23,56.3
2010-09-01,WS07,37,13.6
2010-09-01,WS07,46,20.1
2010-09-01,WS07,66,71.3
2010-09-01,WS07,76,16.2
2010-10-01,WS07,6,46.1
2010-10-01,WS07,16,123.2
2010-10-01,WS07,28,44.2
2010-10-01,WS07,37,127.7
2010-10-01,WS07,44,42.9
2010-10-01,WS07,54,83.2
2010-10-01,WS07,63,43.1
2010-10-01,WS07,79,548.4
2010-11-01,WS07,3,317.5
2010-11-01,WS07,17,957.0
2010-11-01,WS07,26,512.6
2010-11-01,WS07,33,1080.3
2010-11-01,WS07,48,666.4
2010-11-01,WS07,54,385.2
2010-11-01,WS07,67,960.7
2010-11-01,WS07,73,256.0
2010-12-01,WS07,3,477.6
2010-12-01,WS07,13,433.7
2010-12-01,WS07,26,128.3
2010-12-01,WS07,32,579.3
2010-12-01,WS07,45,492.2
2010-12-01,WS07,54,714.1
2010-12-01,WS07,68,272.8
2010-12-01,WS07,78,520.6
2011-01-01,WS07,8,292.9
2011-01-01,WS07,18,95.6
2011-01-01,WS07,24,181.0
2011-01-01,WS07,34,230.2
2011-01-01,WS07,48,28.3
2011-01-01,WS07,56,10.1
2011-01-01,WS07,68,210.2
2011-01-01,WS07,73,63.2
2011-02-01,WS07,8,59.6
2011-02-01,WS07,17,166.8
2011-02-01,WS07,22,179.3
2011-02-01,WS07,35,103.1
2011-02-01,WS07,47,598.4
2011-02-01,WS07,52,222.9
2011-02-01,WS07,62,81.7
2011-02-01,WS07,77,712.6
2011-03-01,WS07,4,828.9
2011-03-01,WS07,18,212.7
2011-03-01,WS07,24,399.7
2011-03-01,WS07,34,148.0
2011-03-01,WS07,47,397.3
2011-03-01,WS07,57,430.9
2011-03-01,WS07,65,1018.5
2011-03-01,WS07,75,73.6
2011-04-01,WS07,3,83.3
2011-04-01,WS07,14,15.6
2011-04-01,WS07,22,195.2
2011-04-01,WS07,39,131.2
2011-04-01,WS07,45,96.2
2011-04-01,WS07,56,38.0
2011-04-01,WS07,69,219.9
2011-04-01,WS07,74,16.0
2011-05-01,WS07,2,7.0
2011-05-01,WS07,16,94.0
2011-05-01,WS07,23,73.9
2011-05-01,WS07,32,29.7
2011-05-01,WS07,43,3.8
2011-05-01,WS07,55,12.5
2011-05-01,WS07,69,35.0
2011-05-01,WS07,78,119.2
2011-06-01,WS07,5,7.8
2011-06-01,WS07,16,238.2
2011-06-01,WS07,26,56.7
2011-06-01,WS07,34,47.0
2011-06-01,WS07,48,157.9
2011-06-01,WS07,56,13.3
2011-06-01,WS07,64,369.8
2011-06-01,WS07,76,1738.5
2011-07-01,WS07,5,12.5
2011-07-01,WS07,14,28.0
2011-07-01,WS07,33,71.9
2011-07-01,WS07,42,2.0
2011-07-01,WS07,56,43.7
2011-07-01,WS07,63,28.4
2011-07-01,WS07,72,76.1
2011-07-01,WS07,72,95.4
2011-08-01,WS07,4,15.9
2011-08-01,WS07,18,37.1
2011-08-01,WS07,28,20.3
2011-08-01,WS07,33,25.5
2011-08-01,WS07,47,41.1
2011-08-01,WS07,56,5.4
2011-08-01,WS07,62,12.2
2011-08-01,WS07,72,10.5
2011-09-01,WS07,9,28.2
2011-09-01,WS07,18,37.0
2011-09-01,WS07,29,2.4
2011-09-01,WS07,34,62.1
2011-09-01,WS07,44,174.7
2011-09-01,WS07,54,56.5
2011-09-01,WS07,67,19.3
2011-09-01,WS07,74,114.7
2011-10-01,WS07,2,360.7
2011-10-01,WS07,14,148.1
2011-10-01,WS07,23,250.2
2011-10-01,WS07,37,143.7
2011-10-01,WS07,45,196.7
2011-10-01,WS07,54,231.2
2011-10-01,WS07,64,85.6
2011-10-01,WS07,75,218.1
2011-11-01,WS07,8,333.2
2011-11-01,WS07,18,356.6
2011-11-01,WS07,27,850.2
2011-11-01,WS07,34,461.2
2011-11-01,WS07,45,315.0
2011-11-01,WS07,53,365.2
2011-11-01,WS07,68,495.0
2011-11-01,WS07,74,966.0
2011-12-01,WS07,4,638.9
2011-12-01,WS07,16,34.4
2011-12-01,WS07,23,399.9
2011-12-01,WS07,39,44.9
2011-12-01,WS07,46,231.7
2011-12-01,WS07,58,120.8
2011-12-01,WS07,63,375.1
2011-12-01,WS07,76,606.5
2012-01-01,WS07,8,328.0
2012-01-01,WS07,14,107.3
2012-01-01,WS07,28,5.0
2012-01-01,WS07,39,431.3
2012-01-01,WS07,47,208.1
2012-01-01,WS07,56,23.0
2012-01-01,WS07,69,295.7
2012-01-01,WS07,77,301.6
2012-02-01,WS07,4,208.0
2012-02-01,WS07,13,67.4
2012-02-01,WS07,29,80.6
2012-02-01,WS07,33,105.5
2012-02-01,WS07,49,26.8
2012-02-01,WS07,53,153.2
2012-02-01,WS07,64,181.2
2012-02-01,WS07,77,740.8
2012-03-01,WS07,6,28.7
2012-03-01,WS07,17,36.1
2012-03-01,WS07,25,150.1
2012-03-01,WS07,33,68.8
2012-03-01,WS07,44,68.3
2012-03-01,WS07,59,193.1
2012-03-01,WS07,69,58.5
2012-03-01,WS07,77,337.6
2012-04-01,WS07,8,115.4
2012-04-01,WS07,16,6.3
2012-04-01,WS07,28,1.0
2012-04-01,WS07,39,14.5
2012-04-01,WS07,46,17.1
2012-04-01,WS07,56,14.3
2012-04-01,WS07,68,24.2
2012-04-01,WS07,78,67.1
2012-05-01,WS07,3,273.8
2012-05-01,WS07,13,18.6
2012-05-01,WS07,26,4.0
2012-05-01,WS07,37,21.2
2012-05-01,WS07,44,8.3
2012-05-01,WS07,59,15.9
2012-05-01,WS07,69,27.2
2012-05-01,WS07,78,29.5
2012-06-01,WS07,8,5.8
2012-06-01,WS07,13,6.1
2012-06-01,WS07,23,99.7
2012-06-01,WS07,33,71.5
2012-06-01,WS07,48,46.4
2012-06-01,WS07,58,51.9
2012-06-01,WS07,65,287.7
2012-06-01,WS07,78,26.9
2012-07-01,WS07,2,2.5
2012-07-01,WS07,18,5.1
2012-07-01,WS07,23,1.4
2012-07-01,WS07,35,9.7
2012-07-01,WS07,44,4.2
2012-07-01,WS07,54,17.0
2012-07-01,WS07,65,31.2
2012-07-01,WS07,73,44.5
2012-08-01,WS07,8,10.5
2012-08-01,WS07,17,9.4
2012-08-01,WS07,25,8.7
2012-08-01,WS07,33,18.8
2012-08-01,WS07,46,8.2
2012-08-01,WS07,54,3.1
2012-08-01,WS07,69,4.4
2012-08-01,WS07,76,17.3
2012-09-01,WS07,3,71.6
2012-09-01,WS07,18,22.9
2012-09-01,WS07,24,119.2
2012-09-01,WS07,39,4.6
2012-09-01,WS07,49,47.3
2012-09-01,WS07,53,52.4
2012-09-01,WS07,64,13.5
2012-09-01,WS07,79,40.2
2012-10-01,WS07,9,3035.0
2012-10-01,WS07,18,55.6
2012-10-01,WS07,26,490.5
2012-10-01,WS07,39,108.1
2012-10-01,WS07,44,641.1
2012-10-01,WS07,56,234.1
2012-10-01,WS07,66,266.0
2012-10-01,WS07,72,617.0
2012-11-01,WS07,6,323.3
2012-11-01,WS07,12,343.7
2012-11-01,WS07,28,201.9
2012-11-01,WS07,32,186.3
2012-11-01,WS07,43,841.5
2012-11-01,WS07,54,208.6
2012-11-01,WS07,68,615.8
2012-11-01,WS07,78,600.4
2012-12-01,WS07,5,885.0
2012-12-01,WS07,11,149.9
2012-12-01,WS07,22,1085.0
2012-12-01,WS07,35,236.1
2012-12-01,WS07,47,301.9
2012-12-01,WS07,52,526.9
2012-12-01,WS07,65,416.6
2012-12-01,WS07,73,261.2
2013-01-01,WS07,9,211.2
2013-01-01,WS07,19,128.8
2013-01-01,WS07,26,80.3
2013-01-01,WS07,31,33.5
2013-01-01,WS07,47,129.2
2013-01-01,WS07,59,85.1
2013-01-01,WS07,65,25.6
2013-01-01,WS07,74,469.3
2013-02-01,WS07,7,34.8
2013-02-01,WS07,13,32.1
2013-02-01,WS07,24,16.6
2013-02-01,WS07,35,12.9
2013-02-01,WS07,41,2.4
2013-02-01,WS07,52,6.1
2013-02-01,WS07,61,73.6
2013-02-01,WS07,77,278.1
2013-03-01,WS07,7,174.4
2013-03-01,WS07,18,0.8
2013-03-01,WS07,24,44.8
2013-03-01,WS07,31,12.8
2013-03-01,WS07,47,8.8
2013-03-01,WS07,53,23.4
2013-03-01,WS07,62,22.0
2013-03-01,WS07,73,8.4
2013-04-01,WS07,3,30.6
2013-04-01,WS07,18,32.6
2013-04-01,WS07,29,62.6
2013-04-01,WS07,31,70.8
2013-04-01,WS07,42,6.2
2013-04-01,WS07,54,30.5
2013-04-01,WS07,69,55.6
2013-04-01,WS07,75,27.4
2013-05-01,WS07,1,44.4
2013-05-01,WS07,34,8.6
2013-05-01,WS07,51,36.3
2013-05-01,WS07,71,26.0
2013-06-01,WS07,6,53.9
2013-06-01,WS07,35,45.3
2013-06-01,WS07,55,67.3
2013-06-01,WS07,69,22.2
2013-07-01,WS07,3,0.0
2013-07-01,WS07,34,46.8
2013-07-01,WS07,54,4.5
2013-07-01,WS07,62,32.8
2010-07-01,WS08,2,744.9
2010-07-01,WS08,13,106.0
2010-07-01,WS08,24,298.9
2010-07-01,WS08,34,63.9
2010-07-01,WS08,47,28.0
2010-07-01,WS08,53,25.0
2010-07-01,WS08,63,87.4
2010-07-01,WS08,78,152.2
2010-09-01,WS08,8,26.1
2010-09-01,WS08,15,25.7
2010-09-01,WS08,23,91.0
2010-09-01,WS08,36,70.0
2010-09-01,WS08,44,33.6
2010-09-01,WS08,54,41.3
2010-09-01,WS08,64,58.9
2010-09-01,WS08,76,22.3
2010-10-01,WS08,2,186.5
2010-10-01,WS08,17,106.7
2010-10-01,WS08,27,692.6
2010-10-01,WS08,39,187.6
2010-10-01,WS08,49,53.6
2010-10-01,WS08,57,83.3
2010-10-01,WS08,69,177.2
2010-10-01,WS08,77,83.5
2010-11-01,WS08,5,551.8
2010-11-01,WS08,16,1031.8
2010-11-01,WS08,23,375.4
2010-11-01,WS08,34,924.1
2010-11-01,WS08,44,1036.0
2010-11-01,WS08,57,1341.2
2010-11-01,WS08,63,1350.9
2010-11-01,WS08,72,2149.2
2010-12-01,WS08,2,113.4
2010-12-01,WS08,17,275.8
2010-12-01,WS08,26,1704.9
2010-12-01,WS08,35,618.8
2010-12-01,WS08,47,382.0
2010-12-01,WS08,57,173.8
2010-12-01,WS08,62,543.3
2010-12-01,WS08,76,42.3
2011-01-01,WS08,2,37.3
2011-01-01,WS08,12,228.8
2011-01-01,WS08,24,46.1
2011-01-01,WS08,34,224.3
2011-01-01,WS08,43,101.4
2011-01-01,WS08,55,152.1
2011-01-01,WS08,64,642.1
2011-01-01,WS08,75,256.3
2011-02-01,WS08,9,179.4
2011-02-01,WS08,17,181.0
2011-02-01,WS08,24,633.2
2011-02-01,WS08,39,361.0
2011-02-01,WS08,45,467.3
2011-02-01,WS08,59,1683.3
2011-02-01,WS08,63,290.1
2011-02-01,WS08,76,1214.8
2011-03-01,WS08,3,187.7
2011-03-01,WS08,14,135.2
2011-03-01,WS08,29,496.0
2011-03-01,WS08,33,103.9
2011-03-01,WS08,43,242.8
2011-03-01,WS08,58,226.1
2011-03-01,WS08,69,25.2
2011-03-01,WS08,72,32.0
2011-04-01,WS08,5,983.8
2011-04-01,WS08,17,110.4
2011-04-01,WS08,28,607.8
2011-04-01,WS08,37,163.1
2011-04-01,WS08,43,302.3
2011-04-01,WS08,58,55.0
2011-04-01,WS08,67,407.7
2011-04-01,WS08,73,531.8
2011-05-01,WS08,5,81.3
2011-05-01,WS08,16,26.7
2011-05-01,WS08,22,1103.1
2011-05-01,WS08,38,461.0
2011-05-01,WS08,48,433.6
2011-05-01,WS08,57,241.2
2011-05-01,WS08,67,77.6
2011-05-01,WS08,76,37.6
2011-06-01,WS08,5,68.8
2011-06-01,WS08,15,46.3
2011-06-01,WS08,27,2572.9
2011-06-01,WS08,37,89.8
2011-06-01,WS08,49,210.1
2011-06-01,WS08,59,143.5
2011-06-01,WS08,65,452.2
2011-06-01,WS08,74,121.8
2011-07-01,WS08,7,59.7
2011-07-01,WS08,18,33.6
2011-07-01,WS08,28,40.5
2011-07-01,WS08,32,766.6
2011-07-01,WS08,33,128.6
2011-07-01,WS08,43,42.3
2011-07-01,WS08,55,980.3
2011-07-01,WS08,65,159.2
2011-07-01,WS08,76,56.6
2011-08-01,WS08,9,11.5
2011-08-01,WS08,18,29.5
2011-08-01,WS08,28,102.4
2011-08-01,WS08,34,19.6
2011-08-01,WS08,48,2.8
2011-08-01,WS08,56,29.8
2011-08-01,WS08,66,17.0
2011-08-01,WS08,75,11.0
2011-09-01,WS08,9,16.8
2011-09-01,WS08,19,17.3
2011-09-01,WS08,24,14.8
2011-09-01,WS08,36,74.7
2011-09-01,WS08,46,10.9
2011-09-01,WS08,57,65.9
2011-09-01,WS08,64,58.5
2011-09-01,WS08,77,30.4
2011-10-01,WS08,9,986.5
2011-10-01,WS08,19,146.4
2011-10-01,WS08,24,63.7
2011-10-01,WS08,33,90.8
2011-10-01,WS08,44,138.9
2011-10-01,WS08,55,40.6
2011-10-01,WS08,64,195.7
2011-10-01,WS08,75,135.7
2011-11-01,WS08,6,760.5
2011-11-01,WS08,16,647.3
2011-11-01,WS08,25,1467.3
2011-11-01,WS08,36,706.1
2011-11-01,WS08,46,574.5
2011-11-01,WS08,55,730.6
2011-11-01,WS08,69,334.6
2011-11-01,WS08,77,669.1
2011-12-01,WS08,7,699.9
2011-12-01,WS08,16,134.2
2011-12-01,WS08,24,266.1
2011-12-01,WS08,34,1815.1
2011-12-01,WS08,49,134.5
2011-12-01,WS08,54,1072.4
2011-12-01,WS08,65,174.5
2011-12-01,WS08,78,338.3
2012-01-01,WS08,8,191.0
2012-01-01,WS08,18,466.8
2012-01-01,WS08,24,212.4
2012-01-01,WS08,38,323.6
2012-01-01,WS08,47,303.7
2012-01-01,WS08,59,1410.8
2012-01-01,WS08,67,159.5
2012-01-01,WS08,75,272.6
2012-02-01,WS08,8,552.9
2012-02-01,WS08,19,435.4
2012-02-01,WS08,22,13.4
2012-02-01,WS08,35,210.5
2012-02-01,WS08,48,142.1
2012-02-01,WS08,56,178.3
2012-02-01,WS08,68,33.7
2012-02-01,WS08,72,141.8
2012-03-01,WS08,9,126.5
2012-03-01,WS08,19,52.1
2012-03-01,WS08,23,100.5
2012-03-01,WS08,38,210.7
2012-03-01,WS08,44,31.1
2012-03-01,WS08,23,113.9
2012-03-01,WS08,64,111.2
2012-03-01,WS08,73,712.8
2012-04-01,WS08,7,12.2
2012-04-01,WS08,19,10.7
2012-04-01,WS08,29,70.6
2012-04-01,WS08,34,10.4
2012-04-01,WS08,43,37.9
2012-04-01,WS08,55,8.6
2012-04-01,WS08,69,12.2
2012-04-01,WS08,78,3.3
2012-05-01,WS08,8,77.4
2012-05-01,WS08,16,68.9
2012-05-01,WS08,27,8.6
2012-05-01,WS08,36,46.8
2012-05-01,WS08,49,72.5
2012-05-01,WS08,57,20.6
2012-05-01,WS08,63,67.2
2012-05-01,WS08,73,17.9
2012-06-01,WS08,9,29.6
2012-06-01,WS08,17,26.7
2012-06-01,WS08,28,12.5
2012-06-01,WS08,32,46.9
2012-06-01,WS08,48,10.3
2012-06-01,WS08,54,172.8
2012-06-01,WS08,68,55.6
2012-06-01,WS08,78,13.6
2012-07-01,WS08,3,24.0
2012-07-01,WS08,15,28.3
2012-07-01,WS08,22,327.2
2012-07-01,WS08,35,5.5
2012-07-01,WS08,42,32.0
2012-07-01,WS08,54,18.0
2012-07-01,WS08,64,12.3
2012-07-01,WS08,77,14.6
2012-08-01,WS08,4,7.1
2012-08-01,WS08,17,28.2
2012-08-01,WS08,27,22.2
2012-08-01,WS08,38,6.8
2012-08-01,WS08,45,148.6
2012-08-01,WS08,58,16.6
2012-08-01,WS08,67,65.6
2012-08-01,WS08,77,71.0
2012-09-01,WS08,2,106.2
2012-09-01,WS08,18,41.8
2012-09-01,WS08,26,76.6
2012-09-01,WS08,34,198.5
2012-09-01,WS08,47,14.0
2012-09-01,WS08,55,70.1
2012-09-01,WS08,62,152.4
2012-09-01,WS08,74,12.3
2012-10-01,WS08,5,1036.0
2012-10-01,WS08,13,412.9
2012-10-01,WS08,29,1154.8
2012-10-01,WS08,35,811.4
2012-10-01,WS08,45,413.4
2012-10-01,WS08,53,408.9
2012-10-01,WS08,67,1035.5
2012-10-01,WS08,75,168.7
2012-11-01,WS08,2,188.6
2012-11-01,WS08,26,485.2
2012-11-01,WS08,44,609.2
2012-11-01,WS08,71,1007.2
2012-12-01,WS08,5,113.9
2012-12-01,WS08,18,187.0
2012-12-01,WS08,26,419.3
2012-12-01,WS08,38,87.2
2012-12-01,WS08,45,249.2
2012-12-01,WS08,57,189.6
2012-12-01,WS08,66,38.8
2012-12-01,WS08,79,382.9
2013-01-01,WS08,4,147.0
2013-01-01,WS08,16,56.8
2013-01-01,WS08,22,138.5
2013-01-01,WS08,33,172.2
2013-01-01,WS08,42,50.5
2013-01-01,WS08,51,34.6
2013-01-01,WS08,65,300.9
2013-01-01,WS08,76,239.9
2013-02-01,WS08,3,35.6
2013-02-01,WS08,19,49.9
2013-02-01,WS08,23,107.0
2013-02-01,WS08,39,16.3
2013-02-01,WS08,44,125.9
2013-02-01,WS08,58,39.9
2013-02-01,WS08,62,62.0
2013-02-01,WS08,74,73.2
2013-03-01,WS08,9,101.8
2013-03-01,WS08,12,19.0
2013-03-01,WS08,28,64.2
2013-03-01,WS08,37,39.7
2013-03-01,WS08,44,68.2
2013-03-01,WS08,58,61.1
2013-03-01,WS08,69,15.3
2013-03-01,WS08,76,13.1
2013-04-01,WS08,3,107.6
2013-04-01,WS08,13,39.6
2013-04-01,WS08,22,58.3
2013-04-01,WS08,34,11.3
2013-04-01,WS08,45,81.8
2013-04-01,WS08,53,24.3
2013-04-01,WS08,69,54.3
2013-04-01,WS08,79,16.2
2013-05-01,WS08,12,110.8
2013-05-01,WS08,39,70.6
2013-05-01,WS08,51,20.8
2013-05-01,WS08,75,34.2
2013-06-01,WS08,17,80.7
2013-06-01,WS08,51,18.8
2013-06-01,WS08,77,31.5
2013-07-01,WS08,11,24.6
2013-07-01,WS08,38,8.8
2013-07-01,WS08,53,4.5
2013-07-01,WS08,73,4.4
2010-07-01,WS09,3,1978.3
2010-07-01,WS09,18,86.1
2010-07-01,WS09,28,149.1
2010-07-01,WS09,32,124.5
2010-07-01,WS09,46,43.8
2010-07-01,WS09,58,92.4
2010-07-01,WS09,63,293.0
2010-07-01,WS09,72,20.5
2010-09-01,WS09,4,14.5
2010-09-01,WS09,16,174.6
2010-09-01,WS09,24,42.1
2010-09-01,WS09,39,126.7
2010-09-01,WS09,49,129.7
2010-09-01,WS09,58,65.0
2010-09-01,WS09,64,262.5
2010-09-01,WS09,79,46.4
2010-10-01,WS09,3,134.5
2010-10-01,WS09,15,125.6
2010-10-01,WS09,27,97.0
2010-10-01,WS09,42,240.2
2010-10-01,WS09,34,66.6
2010-10-01,WS09,54,66.5
2010-10-01,WS09,66,75.4
2010-10-01,WS09,74,146.1
2010-11-01,WS09,3,1307.4
2010-11-01,WS09,16,1090.4
2010-11-01,WS09,26,1167.1
2010-11-01,WS09,36,1477.7
2010-11-01,WS09,42,1448.8
2010-11-01,WS09,53,683.9
2010-11-01,WS09,67,495.4
2010-11-01,WS09,74,632.3
2010-12-01,WS09,8,1645.0
2010-12-01,WS09,15,210.3
2010-12-01,WS09,26,648.3
2010-12-01,WS09,39,767.0
2010-12-01,WS09,56,2641.4
2010-12-01,WS09,66,1029.6
2010-12-01,WS09,79,132.1
2011-01-01,WS09,5,40.7
2011-01-01,WS09,19,571.0
2011-01-01,WS09,23,456.0
2011-01-01,WS09,37,427.9
2011-01-01,WS09,42,228.0
2011-01-01,WS09,57,6086.7
2011-01-01,WS09,73,439.6
2011-02-01,WS09,6,406.2
2011-02-01,WS09,18,663.3
2011-02-01,WS09,24,100.9
2011-02-01,WS09,36,993.1
2011-02-01,WS09,43,170.9
2011-02-01,WS09,56,168.5
2011-02-01,WS09,67,678.0
2011-02-01,WS09,75,1124.6
2011-03-01,WS09,5,483.4
2011-03-01,WS09,14,655.8
2011-03-01,WS09,23,1033.9
2011-03-01,WS09,37,547.1
2011-03-01,WS09,48,722.6
2011-03-01,WS09,53,537.0
2011-03-01,WS09,68,76.7
2011-03-01,WS09,78,683.3
2011-04-01,WS09,8,881.6
2011-04-01,WS09,13,336.2
2011-04-01,WS09,24,742.4
2011-04-01,WS09,33,278.0
2011-04-01,WS09,43,165.5
2011-04-01,WS09,56,91.9
2011-04-01,WS09,66,291.8
2011-04-01,WS09,77,375.0
2011-05-01,WS09,8,171.8
2011-05-01,WS09,15,1595.3
2011-05-01,WS09,25,322.1
2011-05-01,WS09,32,59.0
2011-05-01,WS09,48,618.6
2011-05-01,WS09,55,167.2
2011-05-01,WS09,68,48.4
2011-05-01,WS09,73,42.7
2011-06-01,WS09,2,774.9
2011-06-01,WS09,13,861.9
2011-06-01,WS09,23,595.3
2011-06-01,WS09,33,1067.6
2011-06-01,WS09,46,1279.0
2011-06-01,WS09,56,413.3
2011-06-01,WS09,69,171.1
2011-06-01,WS09,73,115.0
2011-07-01,WS09,8,121.8
2011-07-01,WS09,16,60.1
2011-07-01,WS09,28,533.4
2011-07-01,WS09,38,328.8
2011-07-01,WS09,45,111.6
2011-07-01,WS09,55,36.7
2011-07-01,WS09,66,76.1
2011-07-01,WS09,76,281.3
2011-08-01,WS09,7,37.5
2011-08-01,WS09,18,39.6
2011-08-01,WS09,23,113.8
2011-08-01,WS09,29,39.1
2011-08-01,WS09,35,383.1
2011-08-01,WS09,48,61.6
2011-08-01,WS09,54,15.5
2011-08-01,WS09,65,9.9
2011-09-01,WS09,5,99.0
2011-09-01,WS09,12,23.5
2011-09-01,WS09,24,529.2
2011-09-01,WS09,39,106.2
2011-09-01,WS09,47,53.0
2011-09-01,WS09,65,53.7
2011-10-01,WS09,8,400.7
2011-10-01,WS09,14,290.2
2011-10-01,WS09,28,78.5
2011-10-01,WS09,38,257.0
2011-10-01,WS09,45,235.6
2011-10-01,WS09,55,1082.4
2011-10-01,WS09,66,108.3
2011-10-01,WS09,78,374.1
2011-11-01,WS09,6,758.0
2011-11-01,WS09,19,943.9
2011-11-01,WS09,28,609.0
2011-11-01,WS09,35,513.8
2011-11-01,WS09,46,910.2
2011-11-01,WS09,59,699.9
2011-11-01,WS09,68,313.0
2011-11-01,WS09,79,628.5
2011-12-01,WS09,9,122.5
2011-12-01,WS09,15,728.9
2011-12-01,WS09,28,437.2
2011-12-01,WS09,36,685.0
2011-12-01,WS09,49,315.0
2011-12-01,WS09,55,295.2
2011-12-01,WS09,67,52.8
2011-12-01,WS09,78,451.3
2012-01-01,WS09,5,225.7
2012-01-01,WS09,16,292.3
2012-01-01,WS09,29,56.9
2012-01-01,WS09,34,114.6
2012-01-01,WS09,56,601.8
2012-01-01,WS09,64,164.2
2012-01-01,WS09,76,405.2
2012-02-01,WS09,6,573.1
2012-02-01,WS09,16,571.1
2012-02-01,WS09,26,380.4
2012-02-01,WS09,33,64.9
2012-02-01,WS09,47,483.1
2012-02-01,WS09,58,388.4
2012-02-01,WS09,67,14.2
2012-02-01,WS09,73,304.3
2012-03-01,WS09,4,50.3
2012-03-01,WS09,16,80.9
2012-03-01,WS09,27,126.9
2012-03-01,WS09,32,50.9
2012-03-01,WS09,44,121.9
2012-03-01,WS09,55,65.8
2012-03-01,WS09,67,183.8
2012-03-01,WS09,76,77.5
2012-04-01,WS09,5,94.3
2012-04-01,WS09,17,95.4
2012-04-01,WS09,29,58.2
2012-04-01,WS09,32,32.7
2012-04-01,WS09,45,19.4
2012-04-01,WS09,56,17.6
2012-04-01,WS09,69,38.8
2012-04-01,WS09,77,219.7
2012-05-01,WS09,5,200.5
2012-05-01,WS09,18,39.1
2012-05-01,WS09,27,5.3
2012-05-01,WS09,36,1.8
2012-05-01,WS09,49,0.4
2012-05-01,WS09,56,46.2
2012-05-01,WS09,63,86.4
2012-05-01,WS09,74,268.2
2012-06-01,WS09,2,21.4
2012-06-01,WS09,18,12.9
2012-06-01,WS09,28,26.0
2012-06-01,WS09,34,7.4
2012-06-01,WS09,45,9.2
2012-06-01,WS09,53,19.5
2012-06-01,WS09,68,17.4
2012-06-01,WS09,75,147.6
2012-07-01,WS09,5,27.9
2012-07-01,WS09,12,26.9
2012-07-01,WS09,24,19.5
2012-07-01,WS09,38,20.7
2012-07-01,WS09,43,29.1
2012-07-01,WS09,54,117.6
2012-07-01,WS09,68,10.5
2012-07-01,WS09,76,469.0
2012-08-01,WS09,7,22.1
2012-08-01,WS09,12,11.5
2012-08-01,WS09,23,100.9
2012-08-01,WS09,34,10.6
2012-08-01,WS09,45,16.3
2012-08-01,WS09,55,7.8
2012-08-01,WS09,64,41.1
2012-08-01,WS09,71,22.2
2012-09-01,WS09,7,46.1
2012-09-01,WS09,13,67.0
2012-09-01,WS09,26,85.2
2012-09-01,WS09,32,43.9
2012-09-01,WS09,44,81.5
2012-09-01,WS09,56,27.3
2012-09-01,WS09,69,9.6
2012-09-01,WS09,75,116.1
2012-10-01,WS09,6,323.4
2012-10-01,WS09,17,194.1
2012-10-01,WS09,28,367.4
2012-10-01,WS09,35,396.9
2012-10-01,WS09,44,82.1
2012-10-01,WS09,54,484.1
2012-10-01,WS09,69,139.7
2012-10-01,WS09,79,423.1
2012-11-01,WS09,3,551.8
2012-11-01,WS09,18,487.3
2012-11-01,WS09,29,344.3
2012-11-01,WS09,32,890.4
2012-11-01,WS09,57,755.9
2012-11-01,WS09,65,324.1
2012-11-01,WS09,76,602.4
2012-12-01,WS09,7,459.5
2012-12-01,WS09,16,232.1
2012-12-01,WS09,26,182.5
2012-12-01,WS09,39,156.2
2012-12-01,WS09,45,297.0
2012-12-01,WS09,52,345.7
2012-12-01,WS09,66,340.5
2012-12-01,WS09,74,600.8
2013-01-01,WS09,9,377.3
2013-01-01,WS09,12,177.4
2013-01-01,WS09,26,163.2
2013-01-01,WS09,37,214.9
2013-01-01,WS09,45,58.0
2013-01-01,WS09,58,304.7
2013-01-01,WS09,65,451.4
2013-01-01,WS09,77,251.0
2013-02-01,WS09,1,98.1
2013-02-01,WS09,17,179.5
2013-02-01,WS09,26,215.5
2013-02-01,WS09,39,152.2
2013-02-01,WS09,46,36.3
2013-02-01,WS09,51,56.5
2013-02-01,WS09,67,37.0
2013-02-01,WS09,73,114.4
2013-03-01,WS09,6,159.5
2013-03-01,WS09,16,44.4
2013-03-01,WS09,25,121.0
2013-03-01,WS09,39,73.7
2013-03-01,WS09,49,21.3
2013-03-01,WS09,54,25.1
2013-03-01,WS09,61,18.3
2013-03-01,WS09,74,30.0
2013-04-01,WS09,8,86.4
2013-04-01,WS09,17,48.8
2013-04-01,WS09,22,45.4
2013-04-01,WS09,31,42.1
2013-04-01,WS09,41,9.2
2013-04-01,WS09,55,10.6
2013-04-01,WS09,67,47.4
2013-04-01,WS09,73,84.5
2013-05-01,WS09,3,58.4
2013-05-01,WS09,19,89.4
2013-05-01,WS09,55,10.9
2013-05-01,WS09,65,74.0
2013-06-01,WS09,3,85.0
2013-06-01,WS09,16,65.2
2013-06-01,WS09,53,27.2
2013-06-01,WS09,65,37.4
2013-07-01,WS09,9,21.7
2013-07-01,WS09,15,19.2
2013-07-01,WS09,52,112.2
2013-07-01,WS09,65,3.8
2010-07-01,WS10,3,24.0
2010-07-01,WS10,17,128.9
2010-07-01,WS10,24,36.8
2010-07-01,WS10,38,38.6
2010-07-01,WS10,46,51.7
2010-07-01,WS10,55,179.0
2010-07-01,WS10,65,91.2
2010-07-01,WS10,75,39.1
2010-09-01,WS10,5,136.7
2010-09-01,WS10,15,60.8
2010-09-01,WS10,26,7.7
2010-09-01,WS10,38,36.1
2010-09-01,WS10,45,36.3
2010-09-01,WS10,53,241.1
2010-09-01,WS10,68,55.4
2010-09-01,WS10,75,18.1
2010-10-01,WS10,8,34.7
2010-10-01,WS10,12,27.2
2010-10-01,WS10,27,86.1
2010-10-01,WS10,38,34.7
2010-10-01,WS10,43,89.3
2010-10-01,WS10,52,96.9
2010-10-01,WS10,68,86.8
2010-10-01,WS10,76,15.3
2010-11-01,WS10,8,1700.2
2010-11-01,WS10,18,2012.3
2010-11-01,WS10,22,1083.0
2010-11-01,WS10,37,862.1
2010-11-01,WS10,44,706.9
2010-11-01,WS10,58,1455.2
2010-11-01,WS10,64,1607.2
2010-11-01,WS10,73,1568.3
2010-12-01,WS10,4,985.6
2010-12-01,WS10,19,1507.2
2010-12-01,WS10,25,223.4
2010-12-01,WS10,44,490.6
2010-12-01,WS10,55,323.8
2010-12-01,WS10,66,146.0
2010-12-01,WS10,74,83.2
2011-01-01,WS10,4,327.7
2011-01-01,WS10,14,118.5
2011-01-01,WS10,29,350.4
2011-01-01,WS10,37,224.9
2011-01-01,WS10,45,26.4
2011-01-01,WS10,58,1459.9
2011-01-01,WS10,65,61.0
2011-01-01,WS10,76,25.3
2011-02-01,WS10,3,127.7
2011-02-01,WS10,15,346.8
2011-02-01,WS10,24,200.8
2011-02-01,WS10,37,279.2
2011-02-01,WS10,42,27.4
2011-02-01,WS10,52,380.6
2011-02-01,WS10,62,1584.3
2011-02-01,WS10,73,46.8
2011-03-01,WS10,3,77.4
2011-03-01,WS10,18,399.2
2011-03-01,WS10,26,77.9
2011-03-01,WS10,38,648.9
2011-03-01,WS10,44,99.6
2011-03-01,WS10,54,459.1
2011-03-01,WS10,67,280.2
2011-03-01,WS10,73,33.7
2011-04-01,WS10,5,30.7
2011-04-01,WS10,13,251.0
2011-04-01,WS10,22,141.6
2011-04-01,WS10,37,0.0
2011-04-01,WS10,45,28.2
2011-04-01,WS10,55,6.3
2011-04-01,WS10,68,109.9
2011-04-01,WS10,76,7.0
2011-05-01,WS10,3,164.3
2011-05-01,WS10,15,30.1
2011-05-01,WS10,28,106.9
2011-05-01,WS10,37,2.4
2011-05-01,WS10,47,118.0
2011-05-01,WS10,52,167.7
2011-05-01,WS10,64,30.5
2011-05-01,WS10,76,315.0
2011-06-01,WS10,9,140.1
2011-06-01,WS10,14,55.7
2011-06-01,WS10,28,455.7
2011-06-01,WS10,36,19.4
2011-06-01,WS10,43,164.5
2011-06-01,WS10,55,463.9
2011-06-01,WS10,64,181.8
2011-06-01,WS10,73,276.2
2011-07-01,WS10,3,56.4
2011-07-01,WS10,18,133.8
2011-07-01,WS10,25,147.8
2011-07-01,WS10,35,113.6
2011-07-01,WS10,47,119.8
2011-07-01,WS10,66,20.3
2011-07-01,WS10,74,60.7
2011-08-01,WS10,8,49.9
2011-08-01,WS10,13,18.9
2011-08-01,WS10,32,40.5
2011-08-01,WS10,44,7.7
2011-08-01,WS10,52,12.5
2011-08-01,WS10,66,15.3
2011-08-01,WS10,78,28.1
2011-09-01,WS10,7,12.0
2011-09-01,WS10,17,36.1
2011-09-01,WS10,28,18.7
2011-09-01,WS10,37,51.0
2011-09-01,WS10,44,17.3
2011-09-01,WS10,57,29.1
2011-09-01,WS10,64,30.7
2011-09-01,WS10,79,3.9
2011-10-01,WS10,5,150.4
2011-10-01,WS10,16,200.5
2011-10-01,WS10,23,339.1
2011-10-01,WS10,36,191.3
2011-10-01,WS10,49,262.3
2011-10-01,WS10,55,274.2
2011-10-01,WS10,69,132.4
2011-10-01,WS10,74,29.7
2011-11-01,WS10,8,247.9
2011-11-01,WS10,15,762.6
2011-11-01,WS10,26,1091.1
2011-11-01,WS10,34,591.5
2011-11-01,WS10,46,882.5
2011-11-01,WS10,59,610.1
2011-11-01,WS10,68,436.0
2011-11-01,WS10,77,528.3
2011-12-01,WS10,5,113.1
2011-12-01,WS10,18,532.4
2011-12-01,WS10,25,162.7
2011-12-01,WS10,33,17.1
2011-12-01,WS10,48,287.4
2011-12-01,WS10,59,143.6
2011-12-01,WS10,63,110.0
2011-12-01,WS10,79,308.0
2012-01-01,WS10,6,208.7
2012-01-01,WS10,15,9.0
2012-01-01,WS10,27,143.8
2012-01-01,WS10,38,161.8
2012-01-01,WS10,43,123.6
2012-01-01,WS10,55,12.9
2012-01-01,WS10,65,321.6
2012-01-01,WS10,76,142.4
2012-02-01,WS10,9,74.4
2012-02-01,WS10,15,158.4
2012-02-01,WS10,29,55.6
2012-02-01,WS10,37,45.7
2012-02-01,WS10,45,0.8
2012-02-01,WS10,53,32.9
2012-02-01,WS10,69,24.2
2012-02-01,WS10,79,62.0
2012-03-01,WS10,6,114.7
2012-03-01,WS10,14,124.6
2012-03-01,WS10,29,33.6
2012-03-01,WS10,39,202.8
2012-03-01,WS10,43,38.7
2012-03-01,WS10,53,9.7
2012-03-01,WS10,63,31.3
2012-03-01,WS10,77,30.4
2012-04-01,WS10,7,25.7
2012-04-01,WS10,18,2.6
2012-04-01,WS10,26,20.2
2012-04-01,WS10,35,7.9
2012-04-01,WS10,47,560.3
2012-04-01,WS10,55,39.3
2012-04-01,WS10,65,9.1
2012-04-01,WS10,78,47.0
2012-05-01,WS10,9,35.2
2012-05-01,WS10,14,82.3
2012-05-01,WS10,28,4.7
2012-05-01,WS10,34,12.4
2012-05-01,WS10,45,0.0
2012-05-01,WS10,53,9.0
2012-05-01,WS10,63,33.1
2012-05-01,WS10,76,0.0
2012-06-01,WS10,3,9.0
2012-06-01,WS10,15,47.8
2012-06-01,WS10,23,67.2
2012-06-01,WS10,34,11.0
2012-06-01,WS10,49,7.2
2012-06-01,WS10,57,10.2
2012-06-01,WS10,62,2.9
2012-06-01,WS10,74,17.9
2012-07-01,WS10,2,38.4
2012-07-01,WS10,14,21.9
2012-07-01,WS10,28,19.1
2012-07-01,WS10,32,1.4
2012-07-01,WS10,42,7.7
2012-07-01,WS10,53,7.2
2012-07-01,WS10,63,16.5
2012-07-01,WS10,72,11.3
2012-08-01,WS10,7,22.9
2012-08-01,WS10,17,25.9
2012-08-01,WS10,23,21.4
2012-08-01,WS10,33,25.3
2012-08-01,WS10,45,21.2
2012-08-01,WS10,57,36.7
2012-08-01,WS10,62,9.5
2012-08-01,WS10,77,0.0
2012-09-01,WS10,6,48.0
2012-09-01,WS10,16,72.4
2012-09-01,WS10,22,44.1
2012-09-01,WS10,35,20.3
2012-09-01,WS10,46,83.5
2012-09-01,WS10,59,23.7
2012-09-01,WS10,67,16.7
2012-09-01,WS10,79,5.1
2012-10-01,WS10,7,398.2
2012-10-01,WS10,19,203.6
2012-10-01,WS10,24,1519.5
2012-10-01,WS10,37,519.4
2012-10-01,WS10,46,1403.4
2012-10-01,WS10,57,285.4
2012-10-01,WS10,62,511.8
2012-10-01,WS10,73,922.9
2012-11-01,WS10,4,497.3
2012-11-01,WS10,27,526.2
2012-11-01,WS10,38,911.0
2012-11-01,WS10,42,197.4
2012-11-01,WS10,55,345.3
2012-11-01,WS10,67,126.0
2012-11-01,WS10,72,147.5
2012-12-01,WS10,7,247.0
2012-12-01,WS10,16,850.5
2012-12-01,WS10,23,548.3
2012-12-01,WS10,33,367.4
2012-12-01,WS10,46,446.4
2012-12-01,WS10,58,245.6
2012-12-01,WS10,67,29.6
2012-12-01,WS10,74,132.2
2013-01-01,WS10,9,259.1
2013-01-01,WS10,14,66.3
2013-01-01,WS10,24,496.0
2013-01-01,WS10,36,476.7
2013-01-01,WS10,49,111.6
2013-01-01,WS10,59,328.9
2013-01-01,WS10,69,112.5
2013-01-01,WS10,72,33.0
2013-02-01,WS10,6,88.0
2013-02-01,WS10,17,43.7
2013-02-01,WS10,29,67.0
2013-02-01,WS10,34,10.8
2013-02-01,WS10,44,19.8
2013-02-01,WS10,53,106.2
2013-02-01,WS10,67,2.1
2013-02-01,WS10,76,5.6
2013-03-01,WS10,6,72.2
2013-03-01,WS10,15,4.8
2013-03-01,WS10,29,61.4
2013-03-01,WS10,38,80.5
2013-03-01,WS10,45,106.9
2013-03-01,WS10,59,150.8
2013-03-01,WS10,67,17.0
2013-03-01,WS10,74,77.1
2013-04-01,WS10,3,156.7
2013-04-01,WS10,13,58.1
2013-04-01,WS10,22,23.3
2013-04-01,WS10,38,11.6
2013-04-01,WS10,46,55.9
2013-04-01,WS10,55,8.7
2013-04-01,WS10,62,28.8
2013-04-01,WS10,75,12.3
2013-05-01,WS10,37,5.7
2013-05-01,WS10,45,9.6
2013-05-01,WS10,64,33.6
2013-05-01,WS10,71,31.8
2013-06-01,WS10,4,50.3
2013-06-01,WS10,32,91.0
2013-06-01,WS10,61,28.7
2013-06-01,WS10,71,56.2
2013-07-01,WS10,5,6.2
2013-07-01,WS10,32,15.7
2013-07-01,WS10,66,20.7
2013-07-01,WS10,73,3.6
